function y = kondo_l(x,a,e0,l,V)
% l = 0.7414;
% V = 4.0082;
% a= -95.5076;
% e0 = 10.3015;

n = 2;
y = (a*(x/1).^n + e0 + l)/2 - (((a*(x/1).^n + e0-l).^2 + V^2).^0.5)/2;
end

%a=10, V=5 looks good
 %-95.5076   10.3015    0.7414    4.0082